,0,1,2,3,4,5,6,7,8,9,10,11,12,13,14,15,16,17,18,19,20,21,22,23,24,25,26,27,28,29,30,31,32,33,34,35,36,37,38,39,40,41,42,43,44,45,46,47,48,49,50,51,52,53,54,55,56,57,58,59,60,61,62,63,64,65,66,67,68,69,70,71,72,73,74,75,76,77
0,0.33334331097047976,-1.6905500055172415e-15,-8.043193929919207e-16,3.2476341612658945e-15,-3.895330543421912e-16,2.3595679861141516e-16,6.223377524999575e-16,6.258296925825601e-16,-2.836200923687646e-15,0.33334331027192,-1.6906232707359996e-15,-8.043461051822468e-16,3.247628597589526e-15,-3.8953237713546186e-16,2.3595941027284e-16,6.223377270995651e-16,6.258340141848805e-16,-2.8362055373226802e-15,-1.952181425967008e-15,4.93452413659263e-23,-9.958197948723582e-23,1.136179332099766e-21,-1.952179314920999e-15,3.658323058387614e-22,1.2916620114197435e-22,1.532746132600116e-22,-1.952177620747951e-15,-1.9484980345323664e-15,6.688455174893963e-20,2.3146287976903567e-18,7.449416771242363e-20,-1.9521631823741175e-15,4.0279019613673095e-18,-5.832233968420291e-21,-3.61892538667408e-18,-1.94997451001851e-15,-1.9264008740789482e-15,1.308797633279124e-18,1.4304363932626975e-17,4.3269343064975858e-19,-1.952104217698232e-15,8.158406413098795e-18,9.79228789982926e-18,-6.406875407457468e-18,-1.9418131829161988e-15,1.9399919462108816e-15,1.9513296765512703e-15,-1.9518764438361007e-15,-5.8387697301341656e-15,-5.8579346962516754e-15,1.9573639818690974e-15,1.924689580306034e-15,-3.907108847699856e-15,3.8922608821045e-15,-1.943155480011902e-15,1.9521732570131668e-14,-3.893813471399128e-15,5.886992800814606e-15,-3.898275562293734e-15,-2.3386175154639548e-14,-1.6402287002764647e-19,-7.809287039347051e-15,-1.9483553688175425e-15,5.847759814051825e-15,-1.9507031507559198e-15,-9.750270566141536e-15,-5.8498511957384716e-15,-5.859244911298656e-15,5.853351231624387e-15,-3.9631156152855196e-29,3.3299638111199348e-28,-4.533360632732539e-28,-7.792158383528766e-15,-1.1543112165496287e-18,4.6969490781795585e-18,-1.5435443030667884e-14,9.698977451780982e-19,7.191261636483223e-17
1,-1.6905500055172415e-15,0.333335771081109,2.3062514837623775e-15,-2.704853440087259e-15,-1.1233278353237344e-15,-1.3783344709397844e-15,3.771806555700126e-15,5.0503207289903756e-17,1.7271744295420183e-15,-1.69053786800601e-15,0.33333577031900047,2.3062762733821405e-15,-2.7048077030819655e-15,-1.1233193818079666e-15,-1.3783399992945623e-15,3.771827499853081e-15,5.052133969448397e-17,1.7271588137688463e-15,4.827775248524835e-15,-5.647693620965241e-22,-4.9638385996710335e-22,8.86758337644051e-20,4.827773571906779e-15,5.953161829473527e-21,4.423317359001326e-22,3.120908023120323e-22,4.827777228772551e-15,4.875746687605924e-15,2.9139139922751952e-18,3.2234410827997204e-17,2.812860858548483e-18,4.827790378382902e-15,-9.63105973751705e-18,3.802323188243973e-17,9.292223891093624e-18,4.830751789074255e-15,4.876368817065921e-15,2.9467435417245202e-18,3.9669157280734167e-17,4.827274983042819e-18,4.8277003521646626e-15,-1.9556345036062964e-17,5.102246294091187e-17,1.6512913927444435e-17,4.818606593052782e-15,-4.884488932215925e-15,-4.828628787007131e-15,4.8440233746565705e-15,1.451494446809135e-14,1.4495264439380118e-14,-4.687952328195245e-15,-4.950772115179951e-15,9.658600957950252e-15,-9.632622574742329e-15,4.842372437644518e-15,-4.8274775254125215e-14,9.727448147097193e-15,-1.43350624898351e-14,9.63523549189972e-15,5.786819390039761e-14,-1.509302966106364e-17,1.931279235298254e-14,4.874627170217741e-15,-1.4504769685020154e-14,4.81661686523061e-15,2.4087926164277597e-14,1.4467004412868862e-14,1.449788408430387e-14,-1.433940803253593e-14,-7.3125034128102e-28,-2.2162098773051803e-28,-3.7833339315447626e-28,1.9432790681183968e-14,1.4565424822919154e-17,1.869351459149513e-16,3.8941287034372144e-14,4.432384962992036e-17,5.178535713177875e-16
2,-8.043193929919207e-16,2.3062514837623775e-15,0.33332091789932233,3.94089605171372e-15,-6.500027694691668e-17,-2.1243063259426453e-15,2.692593520948128e-15,-1.136153224070313e-16,-6.728409597899439e-16,-8.043413005715761e-16,2.3062408389957276e-15,0.33332091711789885,3.94089089315437e-15,-6.499963169635965e-17,-2.1243119926274796e-15,2.6925949349536857e-15,-1.1359636523145822e-16,-6.728596111207698e-16,1.828681985796943e-15,-3.1946590873347645e-22,-5.90869631833304e-21,-1.6824192259547407e-21,1.8286824773074496e-15,-8.387611792908621e-22,-6.362206360308879e-21,1.0985295372898493e-20,1.8286802024711817e-15,1.813590602688574e-15,-6.8783128536808735e-19,-9.919881663394754e-18,-6.80222554112144e-19,1.8286740661591994e-15,-3.8377952807843725e-18,-7.754299904492336e-18,3.3237109534550857e-18,1.8249186861517814e-15,1.7815895406437495e-15,-2.4880059259126466e-18,-2.87397292310109e-17,-1.615131260033708e-18,1.8286004745463072e-15,-7.77520505067836e-18,-2.4526273506624806e-17,5.8713721091042595e-18,1.815624353572482e-15,-1.799485219974361e-15,-1.8273038971111823e-15,1.8248857252776936e-15,5.453965806954545e-15,5.4856520700732536e-15,-1.864735415630059e-15,-1.7638995890477563e-15,3.660725429985301e-15,-3.64464810587526e-15,1.81267435839486e-15,-1.8287472797691926e-14,3.627404392689705e-15,-5.560322069892804e-15,3.652787796131764e-15,2.1899914003356877e-14,3.3147136898944158e-18,7.315257861011377e-15,1.813599147514065e-15,-5.469021630020999e-15,1.8288605700943906e-15,9.138481479580618e-15,5.4797430799904355e-15,5.487011782023913e-15,-5.5108875972285955e-15,1.9974700997444736e-28,3.7933218996610983e-28,-5.621127121374177e-29,7.26605962735555e-15,-1.314871210470373e-18,-4.50294494886328e-17,1.4301903617496387e-14,-1.0473211196331932e-17,-2.093258677259014e-16
3,3.2476341612658945e-15,-2.704853440087259e-15,3.94089605171372e-15,0.3333284904689392,-1.028551699644403e-15,3.748038581286772e-16,-2.365642144886286e-15,-2.6112746409748382e-19,-1.070866695393903e-15,3.2476174540577973e-15,-2.7048115376056166e-15,3.94084831965185e-15,0.33332848971679874,-1.0285667609629273e-15,3.748819040291418e-16,-2.3656653537557318e-15,-2.2906370762424667e-19,-1.0708725971419324e-15,4.8199546192677956e-15,-2.4661286884449067e-21,2.190800053236529e-21,-6.228705646774488e-21,4.819954298906382e-15,-2.6321745605421103e-21,2.7368940930663613e-21,5.112159352164695e-21,4.819949814273432e-15,4.7951284837497775e-15,-1.0028775481685249e-18,-1.6168690154726113e-17,-1.0237338737377086e-18,4.8199020536439e-15,-1.0035924944854061e-17,-1.045575583442544e-17,8.840104416661637e-18,4.8122222584629096e-15,4.725318901132525e-15,-4.917903381648048e-18,-5.601329463958036e-17,-2.8258166072042103e-18,4.819726712492232e-15,-2.0355294226546946e-17,-4.4929260174176175e-17,1.5635885999426713e-17,4.789839733282423e-15,-4.7659421925036496e-15,-4.816985052582848e-15,4.814533455440986e-15,1.4395108840750097e-14,1.4460851509574923e-14,-4.874869044343357e-15,-4.699423988235921e-15,9.647820816568377e-15,-9.608165458505997e-15,4.787338837480911e-15,-4.8200171742290994e-14,9.58687046196563e-15,-1.459667632043661e-14,9.626316293829662e-15,5.773162600776405e-14,4.7009697673149665e-18,1.9281151717877284e-14,4.7950117977596795e-15,-1.4426258017333063e-14,4.818506735603959e-15,2.4080418597382254e-14,1.4443262310419356e-14,1.4464293294500664e-14,-1.4489554482384176e-14,-8.893120101090831e-28,-4.890584230265328e-28,-1.3465958069803785e-28,1.9194035061299996e-14,-4.2757884706854386e-19,-6.633493565163616e-17,3.7898090792592796e-14,-1.624496264890705e-17,-3.694048726724649e-16
4,-3.895330543421912e-16,-1.1233278353237344e-15,-6.500027694691668e-17,-1.028551699644403e-15,0.3333353001419648,-2.232055244154178e-15,-1.5153391359424082e-15,2.2508536865168533e-15,1.7132317379202228e-15,-3.8953156986382166e-16,-1.1233203813407727e-15,-6.501676799389493e-17,-1.0285519021439373e-15,0.33333529940322565,-2.2320246220329205e-15,-1.515358835699595e-15,2.250944778775399e-15,1.713248842360389e-15,1.1376848409248187e-16,8.463444956525743e-22,3.732909895753241e-21,4.112218728337969e-21,1.1376317423078528e-16,-1.758351783931633e-21,5.884021940847058e-21,-8.7745875924106e-21,1.1378280751717036e-16,-1.7088874587122615e-16,-1.5236662808623376e-17,-1.892466839878453e-16,-1.4880948716432008e-17,1.1344256399275975e-16,-1.8298237267352436e-18,-1.8933401872309492e-16,-1.4907735209510215e-18,7.178584071816622e-17,-4.475859540195438e-16,-3.0772131504754516e-17,-3.748191698319846e-16,-2.9465886436060914e-17,1.1311829389056425e-16,-3.538333211836269e-18,-3.7541948967920097e-16,-2.9773157259881024e-18,3.125112541851205e-17,3.196237979736311e-16,-9.895334243910335e-17,2.915999917249114e-17,-3.631071155683574e-17,2.988957848573641e-16,-8.746196414576162e-16,8.394268395702919e-16,2.461645237463083e-16,-1.9232475815925453e-16,-7.180452960035372e-17,-1.1511232124344359e-15,-2.6095429619451305e-16,-1.4570041170281719e-15,2.5344865338084204e-16,1.1958731166100322e-15,7.74250150323395e-17,4.5350239586503335e-16,-1.669282679957674e-16,-1.2574960306294556e-16,1.5114018779759792e-16,6.916060264577265e-16,3.3975842903862804e-16,3.0208490719729097e-16,-1.0191740239107505e-15,3.451619340369241e-28,-2.6740499702756295e-28,-8.491148265966537e-28,-3.5676337078154746e-16,-5.812313805261792e-17,-9.893926840094615e-16,-2.9334993597869513e-15,-2.332111288008268e-16,-3.4700601461086842e-15
5,2.3595679861141516e-16,-1.3783344709397844e-15,-2.1243063259426453e-15,3.748038581286772e-16,-2.232055244154178e-15,0.3333362093400073,-1.4045871700643799e-15,1.0415864763222063e-15,1.1478845836790935e-16,2.3595507408110626e-16,-1.3783568693464257e-15,-2.124294182942377e-15,3.7485201453486375e-16,-2.2320503207526155e-15,0.3333362085887951,-1.4045844858095277e-15,1.0415028790411742e-15,1.1479660899251155e-16,-4.392358038924448e-15,1.7167584510495267e-21,-6.937150745931757e-23,2.8894460601842688e-21,-4.392352299305887e-15,9.630738640991063e-22,-3.2208377411131676e-21,7.0407723015481045e-22,-4.3923407634924684e-15,-4.307213172889032e-15,4.261068871318228e-18,5.629725050645576e-17,4.188901867704736e-18,-4.39223718918661e-15,9.462232933083652e-18,5.113485320769922e-17,-7.688713927264e-18,-4.376093472701661e-15,-4.183062875322969e-15,1.1231930073016095e-17,1.3324059075470923e-16,8.904933602483751e-18,-4.392020138078978e-15,1.9100280556409364e-17,1.2327721347406174e-16,-1.3514811407372769e-17,-4.3469121220209834e-15,4.248052260145556e-15,4.386560898002393e-15,-4.368781051513632e-15,-1.3035314661268103e-14,-1.3168595073934915e-14,4.609445522565758e-15,4.073396778241427e-15,-8.795715872464734e-15,8.748161356335233e-15,-4.321967379090815e-15,4.3927053566232477e-14,-8.629114353814758e-15,1.3546543060616738e-14,-8.778470467909896e-15,-5.2573160438225356e-14,-2.1292301815124578e-17,-1.7570252470084728e-14,-4.3079937290313444e-15,1.3099202682307676e-14,-4.399247999114459e-15,-2.1971169878877663e-14,-1.316170080298932e-14,-1.3172346006585448e-14,1.3353040570741542e-14,1.0746838976028806e-27,-6.608082571298073e-28,-5.19191420015878e-28,-1.7313011064349815e-14,1.3217065433661527e-17,2.777976958649786e-16,-3.369351413242708e-14,6.514869295388966e-17,1.0979335764282972e-15
6,6.223377524999575e-16,3.771806555700126e-15,2.692593520948128e-15,-2.365642144886286e-15,-1.5153391359424082e-15,-1.4045871700643799e-15,0.3333281985114922,2.719101705161645e-15,4.2951553486508653e-16,6.223360760574438e-16,3.77182022976143e-15,2.692607431101914e-15,-2.365637339074925e-15,-1.5153857232449832e-15,-1.4045708853522233e-15,0.3333281977201007,2.719160127525962e-15,4.2946106804459775e-16,1.8420510445934663e-15,-2.396586278359718e-21,-2.9352925728972563e-21,-3.148404466196712e-21,1.8420450030389645e-15,1.4197790281022522e-21,3.399056794122759e-21,-1.7850588083739498e-21,1.842060567925247e-15,1.8662381345173478e-15,1.4170560000884382e-18,1.621551179485308e-17,1.3789020649559115e-18,1.8420477046792405e-15,-3.640537343480025e-18,1.8406781262429838e-17,3.577220745927437e-18,1.8440641516112333e-15,1.872191136500037e-15,1.7504593638004705e-18,2.2883933156067554e-17,2.460349836206389e-18,1.8420227908738376e-15,-7.386328019868872e-18,2.7218767725792676e-17,6.365870927838737e-18,1.840255945696193e-15,-1.8726612269286195e-15,-1.8426558069284433e-15,1.8500392830561648e-15,5.5459899073154535e-15,5.5315480066887714e-15,-1.7729948879656034e-15,-1.9087236591480335e-15,3.6848461428013175e-15,-3.676064360705025e-15,1.851513972821244e-15,-1.8418947020476663e-14,3.721636294057685e-15,-5.446471257217603e-15,3.675838048053088e-15,2.2083351216522135e-14,-7.387291908889436e-18,7.368844555781922e-15,1.865740726174573e-15,-5.538792434819017e-15,1.8370143716416734e-15,9.188312073788673e-15,5.519924036140681e-15,5.532500831489542e-15,-5.457262725201503e-15,-2.2218067013813638e-28,1.812687503842247e-28,1.268266959887696e-28,7.43142570277797e-15,6.7665347795459414e-18,9.16959824648619e-17,1.4937542040497126e-14,2.1778058174180918e-17,2.6924795403515084e-16
7,6.258296925825601e-16,5.0503207289903756e-17,-1.136153224070313e-16,-2.6112746409748382e-19,2.2508536865168533e-15,1.0415864763222063e-15,2.719101705161645e-15,0.33332892872783737,-7.41962396058569e-17,6.258245936632662e-16,5.050613558789428e-17,-1.1362867066241523e-16,-3.4383886889667494e-19,2.2508431033340586e-15,1.0416010038937676e-15,2.7191196910635896e-15,0.33332892798659325,-7.422848604362855e-17,-4.393668169001973e-15,2.569870028824131e-21,-1.0487837987961188e-21,5.4418173300338225e-21,-4.393660467174387e-15,7.146882990357882e-20,3.164183770291848e-21,5.4480300166611175e-21,-4.393651694056981e-15,-4.403750901076577e-15,-8.334637151412088e-19,-7.021648200342894e-18,-7.936335730736063e-19,-4.393630103959279e-15,8.95779206228193e-18,-1.2245040424156702e-17,-8.25075640490526e-18,-4.391413519652694e-15,-4.3717877220010116e-15,9.58897874879497e-19,8.03470179217606e-18,-9.04940077347705e-19,-4.393514297875639e-15,1.8170480186897605e-17,-2.169184333466178e-18,-1.4633512020252397e-17,-4.375636804996475e-15,4.394131586426798e-15,4.3926857073456006e-15,-4.3984251174663405e-15,-1.3165277582230637e-14,-1.3186795877143955e-14,4.356229567834438e-15,4.393255858474757e-15,-8.792299492189923e-15,8.762350965968203e-15,-4.385289056165334e-15,4.393543364738983e-14,-8.795081849264404e-15,1.3177535615850812e-14,-8.771942747682687e-15,-5.264480654147484e-14,4.62770626585701e-18,-1.7575972875190427e-14,-4.4031543260810185e-15,1.3175089787861778e-14,-4.387941860433123e-15,-2.1936438222531325e-14,-1.316596830064545e-14,-1.3189547432759689e-14,1.3130071110629975e-14,3.425875113097751e-28,-2.0970741249791358e-28,-5.940417659383103e-28,-1.7589732470414764e-14,-6.351560076817575e-18,-5.328824334083664e-17,-3.49871478802681e-14,-1.2729340178592858e-17,-6.197252153167787e-17
8,-2.836200923687646e-15,1.7271744295420183e-15,-6.728409597899439e-16,-1.070866695393903e-15,1.7132317379202228e-15,1.1478845836790935e-16,4.2951553486508653e-16,-7.41962396058569e-17,0.33334287271158164,-2.83619750537784e-15,1.727175672716544e-15,-6.728420515628555e-16,-1.0708102450771708e-15,1.7132224171066128e-15,1.147181653304715e-16,4.294930033851168e-16,-7.421369627072164e-17,0.33334287200212565,6.734416326894047e-16,-1.341943530534385e-20,-8.639591053618339e-21,-2.6096300315602415e-21,6.734461475027747e-16,-8.155668828601388e-21,-1.9346523900809918e-21,2.0652639563866995e-21,6.7344212266836655e-16,6.421046538169967e-16,-1.634747083109506e-18,-2.0797891023503062e-17,-1.6007829082678913e-18,6.734061938707299e-16,-1.5600537217409156e-18,-2.0020778648973775e-17,1.076304626348677e-18,6.68256559069534e-16,6.053306110625504e-16,-3.6999291385671285e-18,-4.448895467586518e-17,-3.2603620024179862e-18,6.733566460620602e-16,-3.1405327017549924e-18,-4.3021862839227006e-17,1.8538279944170537e-18,6.612066417777993e-16,-6.234330727651854e-16,-6.7156808317159e-16,6.644134785451202e-16,1.9743400624232277e-15,2.016331401928691e-15,-7.55669560976376e-16,-5.633314481349512e-16,1.3498025753567214e-15,-1.3390426253995936e-15,6.507781571320553e-16,-6.735867835132476e-15,1.2916449638058927e-15,-2.148617126830112e-15,1.3475327437862988e-15,8.04986491701772e-15,8.236344203335127e-18,2.6938086409437476e-15,6.424700255906597e-16,-1.994564422246099e-15,6.768894407804705e-16,3.3766074598725685e-15,2.0178973873096798e-15,2.0171223858613595e-15,-2.090936392662981e-15,-4.268375880466297e-28,5.483111406959506e-28,1.6133544555233045e-28,2.602361548487713e-15,-5.7639805091196286e-18,-1.0620765734093799e-16,4.91930637621408e-15,-2.4984486038424958e-17,-3.913629594505688e-16
9,0.33334331027192,-1.69053786800601e-15,-8.043413005715761e-16,3.2476174540577973e-15,-3.8953156986382166e-16,2.3595507408110626e-16,6.223360760574438e-16,6.258245936632662e-16,-2.83619750537784e-15,0.3333433110680882,-1.6906111403666723e-15,-8.043680055287284e-16,3.247611799454502e-15,-3.8953088685589717e-16,2.359577354166194e-16,6.223360456893601e-16,6.258287227546103e-16,-2.836202148246282e-15,-1.9521800551290207e-15,4.931570479476612e-23,-9.938689835188012e-23,1.1365997242947058e-21,-1.9521779438483243e-15,3.655810762875459e-22,1.290885932305641e-22,1.5329818971466529e-22,-1.95217624994629e-15,-1.9484927064715373e-15,6.709499585010204e-20,2.317258880742352e-18,7.47040124850584e-20,-1.9521618067713677e-15,4.027920966886129e-18,-3.1993814218794765e-21,-3.6188982281528406e-18,-1.9499725596072707e-15,-1.9263917431518865e-15,1.3092231628727052e-18,1.4309548543097484e-17,4.3310767212201974e-19,-1.9521028371144093e-15,8.158443153890773e-18,9.797494057799195e-18,-6.4068246755778795e-18,-1.9418106815618213e-15,1.939984566970666e-15,1.9513281018895444e-15,-1.9518739015486046e-15,-5.838760390925331e-15,-5.85792998065696e-15,1.9573731790331034e-15,1.9246749975860762e-15,-3.907106357086757e-15,3.892257666757479e-15,-1.943151538502043e-15,1.952171904995808e-14,-3.893803958680192e-15,5.887004142029544e-15,-3.8982731980178445e-15,-2.3386156420341507e-14,-1.651016600352023e-19,-7.809281528449207e-15,-1.94835010519018e-15,5.847752710727318e-15,-1.950702306299193e-15,-9.750265440813453e-15,-5.849847067958066e-15,-5.859240237007273e-15,5.8533565469062295e-15,2.048079828719491e-29,-2.592731923919062e-28,4.358098865409135e-28,-7.792141619905419e-15,-1.1534871130164991e-18,4.710692789419904e-18,-1.5435378942627598e-14,9.731826311599465e-19,7.196076202504435e-17
10,-1.6906232707359996e-15,0.33333577031900047,2.3062408389957276e-15,-2.7048115376056166e-15,-1.1233203813407727e-15,-1.3783568693464257e-15,3.77182022976143e-15,5.050613558789428e-17,1.727175672716544e-15,-1.6906111403666723e-15,0.3333357710516199,2.306265662799361e-15,-2.704765790660273e-15,-1.1233119204292837e-15,-1.3783622065375828e-15,3.771841186093087e-15,5.0524268757879994e-17,1.7271600761550162e-15,4.827374417086224e-15,-5.64956853287637e-22,-4.973193295601874e-22,8.867582723061358e-20,4.827372732460313e-15,5.9530346284822625e-21,4.424842196206393e-22,3.1218511282632476e-22,4.827376383857586e-15,4.875344125500337e-15,2.9137922650283285e-18,3.223321335822821e-17,2.812755444277949e-18,4.8273895372941115e-15,-9.63024415587559e-18,3.802157990971055e-17,9.291463351669772e-18,4.8303510274074046e-15,4.875968336471394e-15,2.9467414815621895e-18,3.966877138296654e-17,4.827127751207416e-18,4.8272995193649964e-15,-1.9554688008222965e-17,5.1021185268131335e-17,1.6511566013278833e-17,4.8182071527403935e-15,-4.884086785322694e-15,-4.828227987259446e-15,4.843621840768194e-15,1.4513742357700033e-14,1.449406129550471e-14,-4.687557095492144e-15,-4.950368507881212e-15,9.65779887052053e-15,-9.631823078509104e-15,4.841971838262958e-15,-4.827076695328801e-14,9.72664436431339e-15,-1.433386367701036e-14,9.63443530353793e-15,5.78633904560788e-14,-1.5092369495732654e-17,1.9311188871774237e-14,4.87422462871061e-15,-1.45035671476296e-14,4.81621665203853e-15,2.408592517077435e-14,1.4465803355990067e-14,1.449668069131936e-14,-1.4338212099832972e-14,-1.480513016134949e-28,-1.4806719751738834e-28,-3.9017781762220687e-28,1.9431183700727333e-14,1.456472723977842e-17,1.8692746628383129e-16,3.89380839463333e-14,4.4322182415854056e-17,5.178379315675762e-16
11,-8.043461051822468e-16,2.3062762733821405e-15,0.33332091711789885,3.94084831965185e-15,-6.501676799389493e-17,-2.124294182942377e-15,2.692607431101914e-15,-1.1362867066241523e-16,-6.728420515628555e-16,-8.043680055287284e-16,2.306265662799361e-15,0.33332091783120316,3.940843227856676e-15,-6.50161273382915e-17,-2.1242998790260004e-15,2.692608855395762e-15,-1.136097126338256e-16,-6.728603144472413e-16,1.828815330574729e-15,-3.1948186162117545e-22,-5.908531297480213e-21,-1.6823106577962283e-21,1.828815824384515e-15,-8.387559691415346e-22,-6.362682418843623e-21,1.0985187025450624e-20,1.828813551919727e-15,1.813722831835945e-15,-6.878797298222193e-19,-9.920609767041983e-18,-6.802771833120857e-19,1.8288074113601373e-15,-3.838076088524745e-18,-7.754876799403059e-18,3.3239543202583548e-18,1.8250517586718888e-15,1.7817194407165076e-15,-2.4881858258760835e-18,-2.874182571617825e-17,-1.6152563715874568e-18,1.828733815087718e-15,-7.775772171379013e-18,-2.452807630757163e-17,5.871801112076138e-18,1.815756749180339e-15,-1.799616430423316e-15,-1.827437142541364e-15,1.825018800300386e-15,5.454363481278216e-15,5.486052065015113e-15,-1.8648714155800356e-15,-1.7640281925673953e-15,3.66099236674932e-15,-3.644913868443401e-15,1.8128065143728637e-15,-1.8288806315733074e-14,3.627668885680292e-15,-5.5607275117009225e-15,3.6530541576240114e-15,2.1901510976981e-14,3.314960186228446e-18,7.31579127967215e-15,1.813731395599664e-15,-5.469420401791803e-15,1.8289939326200605e-15,9.139147885260334e-15,5.4801426382646065e-15,5.487411876324307e-15,-5.511289479971027e-15,-7.457533291423496e-29,-7.857972837518212e-28,-2.590217393597334e-28,7.266589403126706e-15,-1.314989905268856e-18,-4.503277725779363e-17,1.4302946409147624e-14,-1.047403847394716e-17,-2.093412617734171e-16
12,3.247628597589526e-15,-2.7048077030819655e-15,3.94089089315437e-15,0.33332848971679874,-1.0285519021439373e-15,3.7485201453486375e-16,-2.365637339074925e-15,-3.4383886889667494e-19,-1.0708102450771708e-15,3.247611799454502e-15,-2.704765790660273e-15,3.940843227856676e-15,0.33332849045938606,-1.0285669565365058e-15,3.7493006596919194e-16,-2.365660516039822e-15,-3.1173496966218e-19,-1.0708161435133124e-15,4.819947304853129e-15,-2.4661169855948675e-21,2.1909830490248858e-21,-6.2291526105751145e-21,4.819946992947167e-15,-2.632269859399804e-21,2.7366496965940363e-21,5.111888136538562e-21,4.819942506665505e-15,4.7951147378845155e-15,-1.0032276101270083e-18,-1.6172962317242375e-17,-1.0240775207502966e-18,4.819894743623229e-15,-1.0035943390447554e-17,-1.0460035576019689e-17,8.840049597851424e-18,4.812214014522143e-15,4.725299044332076e-15,-4.9186057727426034e-18,-5.602168219716451e-17,-2.8264894382796107e-18,4.819719397872445e-15,-2.0355327966238214e-17,-4.4937687175916884e-17,1.563578157877339e-17,4.78983061638172e-15,-4.765925131292841e-15,-4.816977432037961e-15,4.8145242724668114e-15,1.4395078421960486e-14,1.446082860043941e-14,-4.874878870888341e-15,-4.699395282577572e-15,9.647806594355942e-15,-9.60815008596508e-15,4.787327443687213e-15,-4.820009903909541e-14,9.586844921361145e-15,-1.4596679418399477e-14,9.626302339947305e-15,5.7731534718809e-14,4.702697191245284e-18,1.92811224524355e-14,4.7949981912157454e-15,-1.442623123168387e-14,4.818500294599512e-15,2.4080384913485003e-14,1.444324033359136e-14,1.446427044417801e-14,-1.44895478624375e-14,3.231763282024254e-28,-3.4802846879299827e-28,-2.571291531421176e-28,1.919398748750052e-14,-4.289470994235616e-19,-6.635723246599159e-17,3.7897946446463893e-14,-1.6250324652777467e-17,-3.6948282323930163e-16
13,-3.8953237713546186e-16,-1.1233193818079666e-15,-6.499963169635965e-17,-1.0285667609629273e-15,0.33333529940322565,-2.2320503207526155e-15,-1.5153857232449832e-15,2.2508431033340586e-15,1.7132224171066128e-15,-3.8953088685589717e-16,-1.1233119204292837e-15,-6.50161273382915e-17,-1.0285669565365058e-15,0.3333353001592145,-2.232019689812512e-15,-1.5154054279150179e-15,2.2509341679414486e-15,1.7132395368282127e-15,9.830412760513598e-17,8.462844396146782e-22,3.732709322668592e-21,4.111917126221607e-21,9.829881977243698e-17,-1.7583541686546027e-21,5.8838737211798516e-21,-8.774415465060138e-21,9.831845492355275e-17,-1.862774614985089e-16,-1.523367561865177e-17,-1.8919747454833553e-16,-1.4877950564620223e-17,9.797838656737035e-17,-1.7976663861014963e-18,-1.893031734136552e-16,-1.5191745607310951e-18,5.63457154933588e-17,-4.6275462781680085e-16,-3.075678938149044e-17,-3.7464474141076866e-16,-2.9457631628563887e-17,9.765463953920573e-17,-3.473189403273435e-18,-3.752807690161384e-16,-3.0275213911096017e-18,1.588218340299402e-17,3.3492097464742966e-16,-8.349815543444759e-17,1.3711802941300333e-17,-8.250147688503709e-17,2.5249861519841347e-16,-8.589900794769682e-16,8.545179550281261e-16,2.1521102590078574e-16,-1.6149743665618932e-16,-8.716685359715159e-17,-9.964780263366691e-16,-2.917199226224101e-16,-1.4101879257135583e-15,2.2256387081592347e-16,1.010644268350892e-15,7.741100178739685e-17,3.91640745102657e-16,-1.82316627849709e-16,-7.946124585819651e-17,1.3568141498179867e-16,6.143480774252526e-16,2.93418534493729e-16,2.5567685234524454e-16,-9.726954449390308e-16,4.894158165568862e-28,4.4840299881708065e-28,3.391771806257182e-28,-4.183570450028796e-16,-5.812285758347234e-17,-9.891941061084447e-16,-3.05514621353733e-15,-2.331652565440179e-16,-3.4689250811973775e-15
14,2.3595941027284e-16,-1.3783399992945623e-15,-2.1243119926274796e-15,3.748819040291418e-16,-2.2320246220329205e-15,0.3333362085887951,-1.4045708853522233e-15,1.0416010038937676e-15,1.147181653304715e-16,2.359577354166194e-16,-1.3783622065375828e-15,-2.1242998790260004e-15,3.7493006596919194e-16,-2.232019689812512e-15,0.3333362093323106,-1.404568214694903e-15,1.0415174397321053e-15,1.1472634809861922e-16,-4.391134493636519e-15,1.7165186505356203e-21,-6.948736773231997e-23,2.8893527891843834e-21,-4.391128759256535e-15,9.630745089047453e-22,-3.220800040075069e-21,7.041715055592028e-22,-4.391117221706983e-15,-4.305991031187289e-15,4.2610821221689e-18,5.629639969311243e-17,4.18890600632229e-18,-4.3910136602335664e-15,9.459710417658738e-18,5.113544909066129e-17,-7.686436614049263e-18,-4.374871178887454e-15,-4.1818537390811995e-15,1.1231219544063904e-17,1.3323279113522832e-16,8.90475800098203e-18,-4.390796647022287e-15,1.909516879424477e-17,1.2327224858673396e-16,-1.3510778907659278e-17,-4.345694817746314e-15,4.246834981265754e-15,4.385337861312501e-15,-4.367557459634183e-15,-1.3031653957617447e-14,-1.3164923425355696e-14,4.608221088428134e-15,4.072187484849357e-15,-8.79326710615586e-15,8.745721723618681e-15,-4.320748983594284e-15,4.3914818287017476e-14,-8.626672407367082e-15,1.354285683104521e-14,-8.776027325548381e-15,-5.2558502451390284e-14,-2.1292418726985038e-17,-1.75653579435173e-14,-4.306771716409302e-15,1.3095536866288679e-14,-4.3980255104643624e-15,-2.1965059222377314e-14,-1.3158034329887305e-14,-1.3168673539770575e-14,1.3349374036832052e-14,-2.630410674583726e-28,8.616611126484821e-28,-2.058200111557118e-28,-1.7308124688171937e-14,1.321800442611551e-17,2.777978131803798e-16,-3.368382788657471e-14,6.514886996775428e-17,1.0978993130155057e-15
15,6.223377270995651e-16,3.771827499853081e-15,2.6925949349536857e-15,-2.3656653537557318e-15,-1.515358835699595e-15,-1.4045844858095277e-15,0.3333281977201007,2.7191196910635896e-15,4.294930033851168e-16,6.223360456893601e-16,3.771841186093087e-15,2.692608855395762e-15,-2.365660516039822e-15,-1.5154054279150179e-15,-1.404568214694903e-15,0.33332819842343686,2.7191780969035554e-15,4.294379395619047e-16,1.842069522960127e-15,-2.3962938331690877e-21,-2.935232806495799e-21,-3.1481092472097585e-21,1.8420634799115833e-15,1.419845108860041e-21,3.3989353320003764e-21,-1.7850019226049314e-21,1.8420790444284615e-15,1.8662520137440517e-15,1.4168103590338079e-18,1.6212454618506618e-17,1.3786645732803385e-18,1.84206617672659e-15,-3.640599964524167e-18,1.840374470321677e-17,3.5772266423994844e-18,1.844081936500596e-15,1.8722003806340807e-15,1.74995407484164e-18,2.2877789952018727e-17,2.45987564859782e-18,1.842041257783751e-15,-7.386452898875637e-18,2.7212660290646428e-17,6.365875623700424e-18,1.8402730099642233e-15,-1.872672644496352e-15,-1.8426740415242584e-15,1.8500564036571684e-15,5.546039131264874e-15,5.531602771176771e-15,-1.773025617293077e-15,-1.9087265981042296e-15,3.684883415350218e-15,-3.6761006448934144e-15,1.8515293962416032e-15,-1.8419132008523658e-14,3.7216653360841896e-15,-5.446544874773899e-15,3.675875371192194e-15,2.208356988143756e-14,-7.386048085384379e-18,7.368918444991939e-15,1.8657546648135152e-15,-5.538844338864572e-15,1.837033435212275e-15,9.188406339389276e-15,5.5199793939817395e-15,5.532555657132276e-15,-5.4573290047319104e-15,3.604142462743711e-29,-2.261348333761861e-28,2.7987751827143496e-29,7.431486449160867e-15,6.765617620860723e-18,9.168007706965066e-17,1.4937626595067258e-14,2.1774323703640816e-17,2.691916659384988e-16
16,6.258340141848805e-16,5.052133969448397e-17,-1.1359636523145822e-16,-2.2906370762424667e-19,2.250944778775399e-15,1.0415028790411742e-15,2.719160127525962e-15,0.33332892798659325,-7.421369627072164e-17,6.258287227546103e-16,5.0524268757879994e-17,-1.136097126338256e-16,-3.1173496966218e-19,2.2509341679414486e-15,1.0415174397321053e-15,2.7191780969035554e-15,0.33332892874007686,-7.424597298470359e-17,-4.391836809454312e-15,2.5699601611736427e-21,-1.0481382056663753e-21,5.4420507366961e-21,-4.391829103191708e-15,7.14689536791868e-20,3.1639753508004005e-21,5.448023214527878e-21,-4.391820324575377e-15,-4.401926177019452e-15,-8.336911453613184e-19,-7.025919466819929e-18,-7.938740908826175e-19,-4.391798756623903e-15,8.953994329486534e-18,-1.2247154891084003e-17,-8.247376934500385e-18,-4.389584677759475e-15,-4.369986781008433e-15,9.57334278932205e-19,8.017133197653423e-18,-9.056896290029608e-19,-4.391683009334361e-15,1.8162784134665464e-17,-2.182556256359573e-18,-1.462753481852521e-17,-4.373816064706197e-15,4.392316470965126e-15,4.3908553084297706e-15,-4.396594975865727e-15,-1.3159804406556955e-14,-1.3181300968172958e-14,4.354384833765195e-15,4.391460866393179e-15,-8.788633971345195e-15,8.758699955028407e-15,-4.383468273840117e-15,4.391711989823244e-14,-8.791434478024287e-15,1.317200064964404e-14,-8.768285449405093e-15,-5.2622869395064055e-14,4.628723017713264e-18,-1.756864690695805e-14,-4.401329659399185e-15,1.3169606376936966e-14,-4.386111462666434e-15,-2.1927289929057814e-14,-1.316048055805966e-14,-1.3184051254772389e-14,1.3124572399604676e-14,3.3479516999375363e-28,6.484214855636678e-28,-4.727279076205959e-28,-1.7582431668640274e-14,-6.3511510230408134e-18,-5.330372415111998e-17,-3.497271045841255e-14,-1.2732965431115791e-17,-6.207869430326141e-17
17,-2.8362055373226802e-15,1.7271588137688463e-15,-6.728596111207698e-16,-1.0708725971419324e-15,1.713248842360389e-15,1.1479660899251155e-16,4.2946106804459775e-16,-7.422848604362855e-17,0.33334287200212565,-2.836202148246282e-15,1.7271600761550162e-15,-6.728603144472413e-16,-1.0708161435133124e-15,1.7132395368282127e-15,1.1472634809861922e-16,4.294379395619047e-16,-7.424597298470359e-17,0.33334287278739744,6.730836259272526e-16,-1.3419728200652109e-20,-8.639828136368462e-21,-2.609302497101267e-21,6.730881428718015e-16,-8.15548790225251e-21,-1.9346406370927486e-21,2.065530265301946e-21,6.730841132937898e-16,6.417501296093584e-16,-1.6345908433323894e-18,-2.0795601435244916e-17,-1.6006174955532775e-18,6.730481975345311e-16,-1.5592978309187713e-18,-2.00189082472235e-17,1.0756549848721864e-18,6.678993651784207e-16,6.049828458485672e-16,-3.699395689266948e-18,-4.448265194849441e-17,-3.2599852034450954e-18,6.729986659822082e-16,-3.1390037072797578e-18,-4.301635846556297e-17,1.8526802985828622e-18,6.608513390677672e-16,-6.230815587098294e-16,-6.712103852462788e-16,6.640563745473024e-16,1.9732730096934345e-15,2.015257569049562e-15,-7.553030774519337e-16,-5.629878664770394e-16,1.3490858778323896e-15,-1.338329156529868e-15,6.504236828116091e-16,-6.7322876863933524e-15,1.2909357452985046e-15,-2.147526566067954e-15,1.3468175988449085e-15,8.045577763311108e-15,8.235536277680573e-18,2.6923765441708587e-15,6.42115486513828e-16,-1.9934941407631725e-15,6.765313347082773e-16,3.3748181359961702e-15,2.0168246018913045e-15,2.0160482786125298e-15,-2.0898562358200914e-15,3.5048448396087593e-28,5.21271487411677e-28,3.3896196442090127e-28,2.6009405661756172e-15,-5.7635989501138635e-18,-1.0619700398373007e-16,4.916513458381739e-15,-2.498195585664049e-17,-3.913154640136631e-16
18,-1.952181425967008e-15,4.827775248524835e-15,1.828681985796943e-15,4.8199546192677956e-15,1.1376848409248187e-16,-4.392358038924448e-15,1.8420510445934663e-15,-4.393668169001973e-15,6.734416326894047e-16,-1.9521800551290207e-15,4.827374417086224e-15,1.828815330574729e-15,4.819947304853129e-15,9.830412760513598e-17,-4.391134493636519e-15,1.842069522960127e-15,-4.391836809454312e-15,6.730836259272526e-16,0.9999999999689175,-9.429496291061156e-14,-1.4264854353691126e-12,1.3209585270066716e-14,0.9999999999277768,4.625668591581963e-15,6.149711915755077e-14,-9.949477327474229e-15,0.9999999999460629,0.9951429544132852,-0.0001912718903654467,-0.0031591375803806253,-0.000192186700286461,0.9999885424737386,-0.002079376031665392,-0.001972256987633447,0.0018368879837315773,0.9984382951100053,0.9809476843724315,-0.0009882792307906395,-0.011233623376339773,-0.0005304455834458867,0.9999547108361381,-0.0042123153226530635,-0.008925409761407656,0.003247154587276861,0.9938402399514047,-0.9892419785466658,-0.9994086069340037,0.9989646348127783,2.9869631142255164,3.000270420926789,-1.0105926582754385,-0.9759802558465165,2.001601173507901,-1.993448522444621,0.993424009693839,-10.000104093928977,1.9895110206060926,-3.0272245820373223,1.9971556342968602,11.977815593987795,0.0008967126319085024,4.000273760326593,0.9951193729672427,-2.9932542611446795,0.999634620299778,4.995858605324914,2.9965608382777695,3.0009743157788713,-3.0054496681462477,-2.6795813222071624e-14,-2.8863601382868956e-14,-7.929746078994194e-15,3.983041716889511,-1.136779840482526e-05,-0.01272469632335848,7.866737756893561,-0.002939442630290432,-0.07298438846944678
19,4.93452413659263e-23,-5.647693620965241e-22,-3.1946590873347645e-22,-2.4661286884449067e-21,8.463444956525743e-22,1.7167584510495267e-21,-2.396586278359718e-21,2.569870028824131e-21,-1.341943530534385e-20,4.931570479476612e-23,-5.64956853287637e-22,-3.1948186162117545e-22,-2.4661169855948675e-21,8.462844396146782e-22,1.7165186505356203e-21,-2.3962938331690877e-21,2.5699601611736427e-21,-1.3419728200652109e-20,-9.429496291061156e-14,-8.720778411593284e-12,-4.810778090702735e-14,-1.3691699358987708e-16,4.016636824676368e-14,-7.177584796033647e-17,-7.853755294520261e-16,9.272187060667058e-15,5.2097209266970256e-15,1.0847354266392567e-15,-7.903721847179708e-14,3.5702157106672017e-14,8.52164352026763e-15,5.9523299049700795e-15,4.7117663103898065e-15,-4.9679280936933984e-14,-1.9391341583917264e-14,2.1701842738017925e-14,-2.589927725238139e-14,-1.0952161853102891e-13,3.654990386924951e-14,-5.16538489138603e-15,4.0777350388729684e-14,-1.3498146450939589e-14,1.214275533440537e-15,-2.0578826443217823e-14,1.1450504118498433e-14,7.432656387571511e-14,-2.1584543107424867e-15,1.4969394102026e-15,-2.2739490055044185e-13,-1.082830534698483e-15,1.9278829927302195e-15,-1.491643172347235e-13,-3.094728650287811e-15,2.4521785432950328e-15,7.43670849064045e-13,-9.273188224400285e-16,-9.875604605095607e-16,-1.485282763874142e-13,3.1065142861906913e-16,1.5369564755373453e-15,-2.994603530876398e-13,-1.7690781349380629e-15,2.477245271004517e-15,-7.337421383560571e-14,-1.813335338880682e-15,1.93321598040274e-15,-2.272296386417686e-13,-1.6925709339967583e-15,2.105993065936801e-15,5.108616174556108e-14,1.1298777560879926e-16,6.844636022952443e-17,3.911547684081522e-15,5.811847762998562e-16,6.844946273038378e-16,1.105263708221457e-15,1.404117213307595e-15,-3.29261117609825e-16
20,-9.958197948723582e-23,-4.9638385996710335e-22,-5.90869631833304e-21,2.190800053236529e-21,3.732909895753241e-21,-6.937150745931757e-23,-2.9352925728972563e-21,-1.0487837987961188e-21,-8.639591053618339e-21,-9.938689835188012e-23,-4.973193295601874e-22,-5.908531297480213e-21,2.1909830490248858e-21,3.732709322668592e-21,-6.948736773231997e-23,-2.935232806495799e-21,-1.0481382056663753e-21,-8.639828136368462e-21,-1.4264854353691126e-12,-4.810778090702735e-14,-3.358338619601193e-12,-2.360495481536706e-15,8.621352714605751e-13,-1.9069596376209013e-14,-1.178529127432548e-15,7.483212166979567e-16,-1.2747042895789917e-13,-1.3225816932448187e-13,-1.2894054074357823e-13,3.5904979305154397e-13,2.0868240804526457e-14,8.076179370809055e-14,5.925285044324504e-14,-5.118367630419535e-13,-1.7228946790286834e-13,6.585836134029865e-14,-2.2217639299492126e-13,-6.714441494605178e-13,1.7955713771756073e-13,-1.409834626291148e-13,3.1740950187161086e-13,-2.804360554578364e-13,8.290238743696781e-14,-1.1305214262110914e-13,2.724547924464991e-15,-6.539362458526704e-14,-6.4527562255033574e-15,1.5870786486827847e-14,2.387378823564291e-14,-1.208632414023127e-14,1.523287939503707e-14,1.4928494057190484e-13,-1.9843661507108972e-14,2.3791729378612845e-14,-1.4072017382816202e-13,2.431918748614597e-14,5.857437229517278e-15,-8.642156574436905e-13,-1.0090594692486193e-16,-2.8635450631520987e-15,-9.043843890577277e-14,-1.796239272286383e-14,1.6596908373584268e-14,-3.427177637880031e-13,-9.424764135676078e-15,1.1700495990528553e-14,1.721354062511807e-13,-1.5534567908050564e-14,1.953035339492564e-14,1.9616366126689536e-13,1.7086218904708342e-15,2.8561809820026127e-16,2.19437242575311e-15,-3.676688595441828e-15,-1.928450771141719e-14,3.1853372491835703e-15,-1.9658395719049413e-14,1.7133715369565953e-14
21,1.136179332099766e-21,8.86758337644051e-20,-1.6824192259547407e-21,-6.228705646774488e-21,4.112218728337969e-21,2.8894460601842688e-21,-3.148404466196712e-21,5.4418173300338225e-21,-2.6096300315602415e-21,1.1365997242947058e-21,8.867582723061358e-20,-1.6823106577962283e-21,-6.2291526105751145e-21,4.111917126221607e-21,2.8893527891843834e-21,-3.1481092472097585e-21,5.4420507366961e-21,-2.609302497101267e-21,1.3209585270066716e-14,-1.3691699358987708e-16,-2.360495481536706e-15,-9.59229732964257e-12,-2.542638920863244e-14,-5.928556941951551e-13,3.414510745335572e-15,-2.967808919214682e-17,-2.9982574798588822e-15,1.723634337926608e-15,2.1088648026396343e-15,-1.295778175674325e-14,-3.9118515353988126e-14,2.5368595915641736e-15,2.8382039606095453e-14,1.752967408836673e-14,3.008127750184576e-15,-1.7557882845059666e-15,7.933038484037685e-15,9.93304853713207e-15,-9.53137721063318e-15,-9.997524872395697e-16,-1.2742723879136628e-14,3.3951962877066715e-14,-1.1576667498209526e-15,7.007701628821095e-15,3.642189167193079e-15,1.2392324556488092e-16,7.3843976695939e-14,-3.0331459421593093e-16,3.136776791612747e-16,-2.2310250112754533e-13,-1.4897293146196046e-16,7.757054776929985e-17,7.281491019720126e-14,-3.8005266213763294e-16,3.295900735819178e-16,-7.236597359631727e-14,-3.509672019669827e-16,3.2137126662918064e-17,2.231269541833793e-13,1.6678771332430853e-16,1.3563346276358662e-16,-1.0105146187192116e-15,-1.6422392665051702e-16,6.5618360867545514e-18,2.2212253826860747e-13,-1.6743048596046606e-16,3.0370121016618293e-16,-2.2344008099128998e-13,-2.3727517725106194e-16,-3.312161055600921e-17,-4.928883133818629e-15,-2.1779573175342742e-17,-5.370784126678286e-16,-3.987665811020486e-14,4.176155424631713e-16,-3.285780973696347e-16,-3.1345635645809326e-15,-3.6621864887466286e-16
